{
 "cells": [
  {
   "cell_type": "markdown",
   "id": "084d1901",
   "metadata": {},
   "source": [
    "# MACHINE LEARNING"
   ]
  },
  {
   "cell_type": "markdown",
   "id": "62637dd4",
   "metadata": {},
   "source": [
    "import libraries:"
   ]
  },
  {
   "cell_type": "code",
   "execution_count": 1,
   "id": "e3e52d41",
   "metadata": {},
   "outputs": [],
   "source": [
    "import math\n",
    "import pandas as pd\n",
    "import sklearn\n",
    "import numpy as np\n",
    "from sklearn import metrics\n",
    "from sklearn.model_selection import train_test_split\n",
    "from sklearn.naive_bayes import GaussianNB\n",
    "import matplotlib.pyplot as plt\n",
    "from matplotlib.colors import ListedColormap\n",
    "%matplotlib inline\n"
   ]
  },
  {
   "cell_type": "markdown",
   "id": "92069bdc",
   "metadata": {},
   "source": [
    "import our data with func corr() for checking conection"
   ]
  },
  {
   "cell_type": "code",
   "execution_count": 2,
   "id": "3183c4cb",
   "metadata": {},
   "outputs": [
    {
     "data": {
      "text/html": [
       "<div>\n",
       "<style scoped>\n",
       "    .dataframe tbody tr th:only-of-type {\n",
       "        vertical-align: middle;\n",
       "    }\n",
       "\n",
       "    .dataframe tbody tr th {\n",
       "        vertical-align: top;\n",
       "    }\n",
       "\n",
       "    .dataframe thead th {\n",
       "        text-align: right;\n",
       "    }\n",
       "</style>\n",
       "<table border=\"1\" class=\"dataframe\">\n",
       "  <thead>\n",
       "    <tr style=\"text-align: right;\">\n",
       "      <th></th>\n",
       "      <th>Age</th>\n",
       "      <th>Height, cm</th>\n",
       "      <th>Weight</th>\n",
       "      <th>Place of birth</th>\n",
       "      <th>Gold</th>\n",
       "      <th>Silver</th>\n",
       "      <th>Bronze</th>\n",
       "      <th>Total</th>\n",
       "      <th>Sport</th>\n",
       "      <th>Sex_F</th>\n",
       "      <th>Sex_M</th>\n",
       "    </tr>\n",
       "  </thead>\n",
       "  <tbody>\n",
       "    <tr>\n",
       "      <th>0</th>\n",
       "      <td>23</td>\n",
       "      <td>170.0</td>\n",
       "      <td>60.0</td>\n",
       "      <td>37</td>\n",
       "      <td>0</td>\n",
       "      <td>0</td>\n",
       "      <td>0</td>\n",
       "      <td>0</td>\n",
       "      <td>1</td>\n",
       "      <td>0</td>\n",
       "      <td>1</td>\n",
       "    </tr>\n",
       "    <tr>\n",
       "      <th>1</th>\n",
       "      <td>33</td>\n",
       "      <td>193.0</td>\n",
       "      <td>125.0</td>\n",
       "      <td>186</td>\n",
       "      <td>0</td>\n",
       "      <td>0</td>\n",
       "      <td>0</td>\n",
       "      <td>0</td>\n",
       "      <td>2</td>\n",
       "      <td>0</td>\n",
       "      <td>1</td>\n",
       "    </tr>\n",
       "    <tr>\n",
       "      <th>2</th>\n",
       "      <td>30</td>\n",
       "      <td>187.0</td>\n",
       "      <td>76.0</td>\n",
       "      <td>62</td>\n",
       "      <td>0</td>\n",
       "      <td>0</td>\n",
       "      <td>0</td>\n",
       "      <td>0</td>\n",
       "      <td>2</td>\n",
       "      <td>0</td>\n",
       "      <td>1</td>\n",
       "    </tr>\n",
       "    <tr>\n",
       "      <th>3</th>\n",
       "      <td>26</td>\n",
       "      <td>178.0</td>\n",
       "      <td>85.0</td>\n",
       "      <td>151</td>\n",
       "      <td>0</td>\n",
       "      <td>0</td>\n",
       "      <td>0</td>\n",
       "      <td>0</td>\n",
       "      <td>2</td>\n",
       "      <td>1</td>\n",
       "      <td>0</td>\n",
       "    </tr>\n",
       "    <tr>\n",
       "      <th>4</th>\n",
       "      <td>27</td>\n",
       "      <td>190.0</td>\n",
       "      <td>80.0</td>\n",
       "      <td>89</td>\n",
       "      <td>0</td>\n",
       "      <td>0</td>\n",
       "      <td>0</td>\n",
       "      <td>0</td>\n",
       "      <td>2</td>\n",
       "      <td>0</td>\n",
       "      <td>1</td>\n",
       "    </tr>\n",
       "  </tbody>\n",
       "</table>\n",
       "</div>"
      ],
      "text/plain": [
       "   Age  Height, cm  Weight  Place of birth  Gold  Silver  Bronze  Total  \\\n",
       "0   23       170.0    60.0              37     0       0       0      0   \n",
       "1   33       193.0   125.0             186     0       0       0      0   \n",
       "2   30       187.0    76.0              62     0       0       0      0   \n",
       "3   26       178.0    85.0             151     0       0       0      0   \n",
       "4   27       190.0    80.0              89     0       0       0      0   \n",
       "\n",
       "   Sport  Sex_F  Sex_M  \n",
       "0      1      0      1  \n",
       "1      2      0      1  \n",
       "2      2      0      1  \n",
       "3      2      1      0  \n",
       "4      2      0      1  "
      ]
     },
     "execution_count": 2,
     "metadata": {},
     "output_type": "execute_result"
    }
   ],
   "source": [
    "df = pd.read_csv(\"All London 2012 athletes numeric only.csv\")\n",
    "df.head()"
   ]
  },
  {
   "cell_type": "code",
   "execution_count": 3,
   "id": "9beef571",
   "metadata": {},
   "outputs": [
    {
     "data": {
      "text/html": [
       "<div>\n",
       "<style scoped>\n",
       "    .dataframe tbody tr th:only-of-type {\n",
       "        vertical-align: middle;\n",
       "    }\n",
       "\n",
       "    .dataframe tbody tr th {\n",
       "        vertical-align: top;\n",
       "    }\n",
       "\n",
       "    .dataframe thead th {\n",
       "        text-align: right;\n",
       "    }\n",
       "</style>\n",
       "<table border=\"1\" class=\"dataframe\">\n",
       "  <thead>\n",
       "    <tr style=\"text-align: right;\">\n",
       "      <th></th>\n",
       "      <th>Age</th>\n",
       "      <th>Height, cm</th>\n",
       "      <th>Weight</th>\n",
       "      <th>Place of birth</th>\n",
       "      <th>Gold</th>\n",
       "      <th>Silver</th>\n",
       "      <th>Bronze</th>\n",
       "      <th>Total</th>\n",
       "      <th>Sport</th>\n",
       "      <th>Sex_F</th>\n",
       "      <th>Sex_M</th>\n",
       "    </tr>\n",
       "  </thead>\n",
       "  <tbody>\n",
       "    <tr>\n",
       "      <th>Age</th>\n",
       "      <td>1.000000</td>\n",
       "      <td>0.039305</td>\n",
       "      <td>0.103310</td>\n",
       "      <td>-0.014724</td>\n",
       "      <td>-0.020383</td>\n",
       "      <td>-0.006974</td>\n",
       "      <td>-0.012178</td>\n",
       "      <td>-0.020397</td>\n",
       "      <td>0.116798</td>\n",
       "      <td>-0.099207</td>\n",
       "      <td>0.099207</td>\n",
       "    </tr>\n",
       "    <tr>\n",
       "      <th>Height, cm</th>\n",
       "      <td>0.039305</td>\n",
       "      <td>1.000000</td>\n",
       "      <td>0.724469</td>\n",
       "      <td>-0.006657</td>\n",
       "      <td>0.020318</td>\n",
       "      <td>0.018645</td>\n",
       "      <td>0.007083</td>\n",
       "      <td>0.023525</td>\n",
       "      <td>0.073013</td>\n",
       "      <td>-0.560025</td>\n",
       "      <td>0.560025</td>\n",
       "    </tr>\n",
       "    <tr>\n",
       "      <th>Weight</th>\n",
       "      <td>0.103310</td>\n",
       "      <td>0.724469</td>\n",
       "      <td>1.000000</td>\n",
       "      <td>0.014911</td>\n",
       "      <td>0.009169</td>\n",
       "      <td>0.011552</td>\n",
       "      <td>0.014531</td>\n",
       "      <td>0.018063</td>\n",
       "      <td>0.040435</td>\n",
       "      <td>-0.515578</td>\n",
       "      <td>0.515578</td>\n",
       "    </tr>\n",
       "    <tr>\n",
       "      <th>Place of birth</th>\n",
       "      <td>-0.014724</td>\n",
       "      <td>-0.006657</td>\n",
       "      <td>0.014911</td>\n",
       "      <td>1.000000</td>\n",
       "      <td>0.013725</td>\n",
       "      <td>-0.007011</td>\n",
       "      <td>0.011744</td>\n",
       "      <td>0.009749</td>\n",
       "      <td>-0.050803</td>\n",
       "      <td>0.026806</td>\n",
       "      <td>-0.026806</td>\n",
       "    </tr>\n",
       "    <tr>\n",
       "      <th>Gold</th>\n",
       "      <td>-0.020383</td>\n",
       "      <td>0.020318</td>\n",
       "      <td>0.009169</td>\n",
       "      <td>0.013725</td>\n",
       "      <td>1.000000</td>\n",
       "      <td>0.243495</td>\n",
       "      <td>0.079595</td>\n",
       "      <td>0.682709</td>\n",
       "      <td>0.011434</td>\n",
       "      <td>0.001865</td>\n",
       "      <td>-0.001865</td>\n",
       "    </tr>\n",
       "    <tr>\n",
       "      <th>Silver</th>\n",
       "      <td>-0.006974</td>\n",
       "      <td>0.018645</td>\n",
       "      <td>0.011552</td>\n",
       "      <td>-0.007011</td>\n",
       "      <td>0.243495</td>\n",
       "      <td>1.000000</td>\n",
       "      <td>0.083384</td>\n",
       "      <td>0.667589</td>\n",
       "      <td>0.007274</td>\n",
       "      <td>0.008527</td>\n",
       "      <td>-0.008527</td>\n",
       "    </tr>\n",
       "    <tr>\n",
       "      <th>Bronze</th>\n",
       "      <td>-0.012178</td>\n",
       "      <td>0.007083</td>\n",
       "      <td>0.014531</td>\n",
       "      <td>0.011744</td>\n",
       "      <td>0.079595</td>\n",
       "      <td>0.083384</td>\n",
       "      <td>1.000000</td>\n",
       "      <td>0.602124</td>\n",
       "      <td>0.002490</td>\n",
       "      <td>0.008440</td>\n",
       "      <td>-0.008440</td>\n",
       "    </tr>\n",
       "    <tr>\n",
       "      <th>Total</th>\n",
       "      <td>-0.020397</td>\n",
       "      <td>0.023525</td>\n",
       "      <td>0.018063</td>\n",
       "      <td>0.009749</td>\n",
       "      <td>0.682709</td>\n",
       "      <td>0.667589</td>\n",
       "      <td>0.602124</td>\n",
       "      <td>1.000000</td>\n",
       "      <td>0.010861</td>\n",
       "      <td>0.009596</td>\n",
       "      <td>-0.009596</td>\n",
       "    </tr>\n",
       "    <tr>\n",
       "      <th>Sport</th>\n",
       "      <td>0.116798</td>\n",
       "      <td>0.073013</td>\n",
       "      <td>0.040435</td>\n",
       "      <td>-0.050803</td>\n",
       "      <td>0.011434</td>\n",
       "      <td>0.007274</td>\n",
       "      <td>0.002490</td>\n",
       "      <td>0.010861</td>\n",
       "      <td>1.000000</td>\n",
       "      <td>-0.015648</td>\n",
       "      <td>0.015648</td>\n",
       "    </tr>\n",
       "    <tr>\n",
       "      <th>Sex_F</th>\n",
       "      <td>-0.099207</td>\n",
       "      <td>-0.560025</td>\n",
       "      <td>-0.515578</td>\n",
       "      <td>0.026806</td>\n",
       "      <td>0.001865</td>\n",
       "      <td>0.008527</td>\n",
       "      <td>0.008440</td>\n",
       "      <td>0.009596</td>\n",
       "      <td>-0.015648</td>\n",
       "      <td>1.000000</td>\n",
       "      <td>-1.000000</td>\n",
       "    </tr>\n",
       "    <tr>\n",
       "      <th>Sex_M</th>\n",
       "      <td>0.099207</td>\n",
       "      <td>0.560025</td>\n",
       "      <td>0.515578</td>\n",
       "      <td>-0.026806</td>\n",
       "      <td>-0.001865</td>\n",
       "      <td>-0.008527</td>\n",
       "      <td>-0.008440</td>\n",
       "      <td>-0.009596</td>\n",
       "      <td>0.015648</td>\n",
       "      <td>-1.000000</td>\n",
       "      <td>1.000000</td>\n",
       "    </tr>\n",
       "  </tbody>\n",
       "</table>\n",
       "</div>"
      ],
      "text/plain": [
       "                     Age  Height, cm    Weight  Place of birth      Gold  \\\n",
       "Age             1.000000    0.039305  0.103310       -0.014724 -0.020383   \n",
       "Height, cm      0.039305    1.000000  0.724469       -0.006657  0.020318   \n",
       "Weight          0.103310    0.724469  1.000000        0.014911  0.009169   \n",
       "Place of birth -0.014724   -0.006657  0.014911        1.000000  0.013725   \n",
       "Gold           -0.020383    0.020318  0.009169        0.013725  1.000000   \n",
       "Silver         -0.006974    0.018645  0.011552       -0.007011  0.243495   \n",
       "Bronze         -0.012178    0.007083  0.014531        0.011744  0.079595   \n",
       "Total          -0.020397    0.023525  0.018063        0.009749  0.682709   \n",
       "Sport           0.116798    0.073013  0.040435       -0.050803  0.011434   \n",
       "Sex_F          -0.099207   -0.560025 -0.515578        0.026806  0.001865   \n",
       "Sex_M           0.099207    0.560025  0.515578       -0.026806 -0.001865   \n",
       "\n",
       "                  Silver    Bronze     Total     Sport     Sex_F     Sex_M  \n",
       "Age            -0.006974 -0.012178 -0.020397  0.116798 -0.099207  0.099207  \n",
       "Height, cm      0.018645  0.007083  0.023525  0.073013 -0.560025  0.560025  \n",
       "Weight          0.011552  0.014531  0.018063  0.040435 -0.515578  0.515578  \n",
       "Place of birth -0.007011  0.011744  0.009749 -0.050803  0.026806 -0.026806  \n",
       "Gold            0.243495  0.079595  0.682709  0.011434  0.001865 -0.001865  \n",
       "Silver          1.000000  0.083384  0.667589  0.007274  0.008527 -0.008527  \n",
       "Bronze          0.083384  1.000000  0.602124  0.002490  0.008440 -0.008440  \n",
       "Total           0.667589  0.602124  1.000000  0.010861  0.009596 -0.009596  \n",
       "Sport           0.007274  0.002490  0.010861  1.000000 -0.015648  0.015648  \n",
       "Sex_F           0.008527  0.008440  0.009596 -0.015648  1.000000 -1.000000  \n",
       "Sex_M          -0.008527 -0.008440 -0.009596  0.015648 -1.000000  1.000000  "
      ]
     },
     "execution_count": 3,
     "metadata": {},
     "output_type": "execute_result"
    }
   ],
   "source": [
    "df.corr()"
   ]
  },
  {
   "cell_type": "markdown",
   "id": "928b29ed",
   "metadata": {},
   "source": [
    "### The Naive Bayes algorithm\n",
    "Naive Bayes models are a group of extremely fast and simple classification algorithms that are often suitable for very high-dimensional datasets- like ours. Because they are so fast and have so few tunable parameters, they end up being very useful as a quick-and-dirty baseline for a classification problem, thats why i chose the naive bayes models.\n",
    "\n",
    "The Naive Bayes classifier aggregates information using conditional probability with an assumption of independence among features.\n",
    "we want to check if we can predict who will win the olympic games by given physical value."
   ]
  },
  {
   "cell_type": "markdown",
   "id": "e1f734a7",
   "metadata": {},
   "source": [
    "**we split the data into training and test sets**"
   ]
  },
  {
   "cell_type": "code",
   "execution_count": 4,
   "id": "8435b87d",
   "metadata": {},
   "outputs": [],
   "source": [
    "X = df.iloc[:,1:].values\n",
    "y = df['Total'].values\n",
    "\n",
    "XTrain, XTest, yTrain, yTest = train_test_split(X, y, random_state=1, test_size=0.25)"
   ]
  },
  {
   "cell_type": "code",
   "execution_count": 5,
   "id": "c9effbfd",
   "metadata": {},
   "outputs": [
    {
     "name": "stdout",
     "output_type": "stream",
     "text": [
      "Accuracy on Train data=  1.0\n",
      "Accuracy on test data=  0.9986235375086029\n"
     ]
    }
   ],
   "source": [
    "# Instantiate the classifier\n",
    "gnb = GaussianNB()\n",
    "\n",
    "\n",
    "# Train classifier\n",
    "gnb.fit(XTrain,yTrain)\n",
    "\n",
    "y_pred = gnb.predict(XTest)\n",
    "y_pred_train = gnb.predict(XTrain)\n",
    "\n",
    "print('Accuracy on Train data= ', metrics.accuracy_score(y_true = yTrain, y_pred = y_pred_train))\n",
    "print('Accuracy on test data= ', metrics.accuracy_score(y_true = yTest, y_pred = y_pred))"
   ]
  },
  {
   "cell_type": "markdown",
   "id": "8b4a14ae",
   "metadata": {},
   "source": [
    "the result is: 1.0 - **Too good.**"
   ]
  },
  {
   "cell_type": "markdown",
   "id": "2b7687cb",
   "metadata": {},
   "source": [
    "##### we will try to fix it, so i made a new column that calculate the BMI indwx:"
   ]
  },
  {
   "cell_type": "code",
   "execution_count": 6,
   "id": "b12025a0",
   "metadata": {},
   "outputs": [
    {
     "data": {
      "text/html": [
       "<div>\n",
       "<style scoped>\n",
       "    .dataframe tbody tr th:only-of-type {\n",
       "        vertical-align: middle;\n",
       "    }\n",
       "\n",
       "    .dataframe tbody tr th {\n",
       "        vertical-align: top;\n",
       "    }\n",
       "\n",
       "    .dataframe thead th {\n",
       "        text-align: right;\n",
       "    }\n",
       "</style>\n",
       "<table border=\"1\" class=\"dataframe\">\n",
       "  <thead>\n",
       "    <tr style=\"text-align: right;\">\n",
       "      <th></th>\n",
       "      <th>Age</th>\n",
       "      <th>Height, cm</th>\n",
       "      <th>Weight</th>\n",
       "      <th>Place of birth</th>\n",
       "      <th>Gold</th>\n",
       "      <th>Silver</th>\n",
       "      <th>Bronze</th>\n",
       "      <th>Total</th>\n",
       "      <th>Sport</th>\n",
       "      <th>Sex_F</th>\n",
       "      <th>Sex_M</th>\n",
       "      <th>BMI</th>\n",
       "    </tr>\n",
       "  </thead>\n",
       "  <tbody>\n",
       "    <tr>\n",
       "      <th>Age</th>\n",
       "      <td>1.000000</td>\n",
       "      <td>0.039305</td>\n",
       "      <td>0.103310</td>\n",
       "      <td>-0.014724</td>\n",
       "      <td>-0.020383</td>\n",
       "      <td>-0.006974</td>\n",
       "      <td>-0.012178</td>\n",
       "      <td>-0.020397</td>\n",
       "      <td>0.116798</td>\n",
       "      <td>-0.099207</td>\n",
       "      <td>0.099207</td>\n",
       "      <td>0.112475</td>\n",
       "    </tr>\n",
       "    <tr>\n",
       "      <th>Height, cm</th>\n",
       "      <td>0.039305</td>\n",
       "      <td>1.000000</td>\n",
       "      <td>0.724469</td>\n",
       "      <td>-0.006657</td>\n",
       "      <td>0.020318</td>\n",
       "      <td>0.018645</td>\n",
       "      <td>0.007083</td>\n",
       "      <td>0.023525</td>\n",
       "      <td>0.073013</td>\n",
       "      <td>-0.560025</td>\n",
       "      <td>0.560025</td>\n",
       "      <td>0.563181</td>\n",
       "    </tr>\n",
       "    <tr>\n",
       "      <th>Weight</th>\n",
       "      <td>0.103310</td>\n",
       "      <td>0.724469</td>\n",
       "      <td>1.000000</td>\n",
       "      <td>0.014911</td>\n",
       "      <td>0.009169</td>\n",
       "      <td>0.011552</td>\n",
       "      <td>0.014531</td>\n",
       "      <td>0.018063</td>\n",
       "      <td>0.040435</td>\n",
       "      <td>-0.515578</td>\n",
       "      <td>0.515578</td>\n",
       "      <td>0.975972</td>\n",
       "    </tr>\n",
       "    <tr>\n",
       "      <th>Place of birth</th>\n",
       "      <td>-0.014724</td>\n",
       "      <td>-0.006657</td>\n",
       "      <td>0.014911</td>\n",
       "      <td>1.000000</td>\n",
       "      <td>0.013725</td>\n",
       "      <td>-0.007011</td>\n",
       "      <td>0.011744</td>\n",
       "      <td>0.009749</td>\n",
       "      <td>-0.050803</td>\n",
       "      <td>0.026806</td>\n",
       "      <td>-0.026806</td>\n",
       "      <td>0.021034</td>\n",
       "    </tr>\n",
       "    <tr>\n",
       "      <th>Gold</th>\n",
       "      <td>-0.020383</td>\n",
       "      <td>0.020318</td>\n",
       "      <td>0.009169</td>\n",
       "      <td>0.013725</td>\n",
       "      <td>1.000000</td>\n",
       "      <td>0.243495</td>\n",
       "      <td>0.079595</td>\n",
       "      <td>0.682709</td>\n",
       "      <td>0.011434</td>\n",
       "      <td>0.001865</td>\n",
       "      <td>-0.001865</td>\n",
       "      <td>0.005088</td>\n",
       "    </tr>\n",
       "    <tr>\n",
       "      <th>Silver</th>\n",
       "      <td>-0.006974</td>\n",
       "      <td>0.018645</td>\n",
       "      <td>0.011552</td>\n",
       "      <td>-0.007011</td>\n",
       "      <td>0.243495</td>\n",
       "      <td>1.000000</td>\n",
       "      <td>0.083384</td>\n",
       "      <td>0.667589</td>\n",
       "      <td>0.007274</td>\n",
       "      <td>0.008527</td>\n",
       "      <td>-0.008527</td>\n",
       "      <td>0.008492</td>\n",
       "    </tr>\n",
       "    <tr>\n",
       "      <th>Bronze</th>\n",
       "      <td>-0.012178</td>\n",
       "      <td>0.007083</td>\n",
       "      <td>0.014531</td>\n",
       "      <td>0.011744</td>\n",
       "      <td>0.079595</td>\n",
       "      <td>0.083384</td>\n",
       "      <td>1.000000</td>\n",
       "      <td>0.602124</td>\n",
       "      <td>0.002490</td>\n",
       "      <td>0.008440</td>\n",
       "      <td>-0.008440</td>\n",
       "      <td>0.015278</td>\n",
       "    </tr>\n",
       "    <tr>\n",
       "      <th>Total</th>\n",
       "      <td>-0.020397</td>\n",
       "      <td>0.023525</td>\n",
       "      <td>0.018063</td>\n",
       "      <td>0.009749</td>\n",
       "      <td>0.682709</td>\n",
       "      <td>0.667589</td>\n",
       "      <td>0.602124</td>\n",
       "      <td>1.000000</td>\n",
       "      <td>0.010861</td>\n",
       "      <td>0.009596</td>\n",
       "      <td>-0.009596</td>\n",
       "      <td>0.014806</td>\n",
       "    </tr>\n",
       "    <tr>\n",
       "      <th>Sport</th>\n",
       "      <td>0.116798</td>\n",
       "      <td>0.073013</td>\n",
       "      <td>0.040435</td>\n",
       "      <td>-0.050803</td>\n",
       "      <td>0.011434</td>\n",
       "      <td>0.007274</td>\n",
       "      <td>0.002490</td>\n",
       "      <td>0.010861</td>\n",
       "      <td>1.000000</td>\n",
       "      <td>-0.015648</td>\n",
       "      <td>0.015648</td>\n",
       "      <td>0.033678</td>\n",
       "    </tr>\n",
       "    <tr>\n",
       "      <th>Sex_F</th>\n",
       "      <td>-0.099207</td>\n",
       "      <td>-0.560025</td>\n",
       "      <td>-0.515578</td>\n",
       "      <td>0.026806</td>\n",
       "      <td>0.001865</td>\n",
       "      <td>0.008527</td>\n",
       "      <td>0.008440</td>\n",
       "      <td>0.009596</td>\n",
       "      <td>-0.015648</td>\n",
       "      <td>1.000000</td>\n",
       "      <td>-1.000000</td>\n",
       "      <td>-0.453587</td>\n",
       "    </tr>\n",
       "    <tr>\n",
       "      <th>Sex_M</th>\n",
       "      <td>0.099207</td>\n",
       "      <td>0.560025</td>\n",
       "      <td>0.515578</td>\n",
       "      <td>-0.026806</td>\n",
       "      <td>-0.001865</td>\n",
       "      <td>-0.008527</td>\n",
       "      <td>-0.008440</td>\n",
       "      <td>-0.009596</td>\n",
       "      <td>0.015648</td>\n",
       "      <td>-1.000000</td>\n",
       "      <td>1.000000</td>\n",
       "      <td>0.453587</td>\n",
       "    </tr>\n",
       "    <tr>\n",
       "      <th>BMI</th>\n",
       "      <td>0.112475</td>\n",
       "      <td>0.563181</td>\n",
       "      <td>0.975972</td>\n",
       "      <td>0.021034</td>\n",
       "      <td>0.005088</td>\n",
       "      <td>0.008492</td>\n",
       "      <td>0.015278</td>\n",
       "      <td>0.014806</td>\n",
       "      <td>0.033678</td>\n",
       "      <td>-0.453587</td>\n",
       "      <td>0.453587</td>\n",
       "      <td>1.000000</td>\n",
       "    </tr>\n",
       "  </tbody>\n",
       "</table>\n",
       "</div>"
      ],
      "text/plain": [
       "                     Age  Height, cm    Weight  Place of birth      Gold  \\\n",
       "Age             1.000000    0.039305  0.103310       -0.014724 -0.020383   \n",
       "Height, cm      0.039305    1.000000  0.724469       -0.006657  0.020318   \n",
       "Weight          0.103310    0.724469  1.000000        0.014911  0.009169   \n",
       "Place of birth -0.014724   -0.006657  0.014911        1.000000  0.013725   \n",
       "Gold           -0.020383    0.020318  0.009169        0.013725  1.000000   \n",
       "Silver         -0.006974    0.018645  0.011552       -0.007011  0.243495   \n",
       "Bronze         -0.012178    0.007083  0.014531        0.011744  0.079595   \n",
       "Total          -0.020397    0.023525  0.018063        0.009749  0.682709   \n",
       "Sport           0.116798    0.073013  0.040435       -0.050803  0.011434   \n",
       "Sex_F          -0.099207   -0.560025 -0.515578        0.026806  0.001865   \n",
       "Sex_M           0.099207    0.560025  0.515578       -0.026806 -0.001865   \n",
       "BMI             0.112475    0.563181  0.975972        0.021034  0.005088   \n",
       "\n",
       "                  Silver    Bronze     Total     Sport     Sex_F     Sex_M  \\\n",
       "Age            -0.006974 -0.012178 -0.020397  0.116798 -0.099207  0.099207   \n",
       "Height, cm      0.018645  0.007083  0.023525  0.073013 -0.560025  0.560025   \n",
       "Weight          0.011552  0.014531  0.018063  0.040435 -0.515578  0.515578   \n",
       "Place of birth -0.007011  0.011744  0.009749 -0.050803  0.026806 -0.026806   \n",
       "Gold            0.243495  0.079595  0.682709  0.011434  0.001865 -0.001865   \n",
       "Silver          1.000000  0.083384  0.667589  0.007274  0.008527 -0.008527   \n",
       "Bronze          0.083384  1.000000  0.602124  0.002490  0.008440 -0.008440   \n",
       "Total           0.667589  0.602124  1.000000  0.010861  0.009596 -0.009596   \n",
       "Sport           0.007274  0.002490  0.010861  1.000000 -0.015648  0.015648   \n",
       "Sex_F           0.008527  0.008440  0.009596 -0.015648  1.000000 -1.000000   \n",
       "Sex_M          -0.008527 -0.008440 -0.009596  0.015648 -1.000000  1.000000   \n",
       "BMI             0.008492  0.015278  0.014806  0.033678 -0.453587  0.453587   \n",
       "\n",
       "                     BMI  \n",
       "Age             0.112475  \n",
       "Height, cm      0.563181  \n",
       "Weight          0.975972  \n",
       "Place of birth  0.021034  \n",
       "Gold            0.005088  \n",
       "Silver          0.008492  \n",
       "Bronze          0.015278  \n",
       "Total           0.014806  \n",
       "Sport           0.033678  \n",
       "Sex_F          -0.453587  \n",
       "Sex_M           0.453587  \n",
       "BMI             1.000000  "
      ]
     },
     "execution_count": 6,
     "metadata": {},
     "output_type": "execute_result"
    }
   ],
   "source": [
    "df[\"BMI\"] = df[\"Weight\"] /df[\"Height, cm\"] * 100\n",
    "df.corr()"
   ]
  },
  {
   "cell_type": "code",
   "execution_count": 7,
   "id": "0d694368",
   "metadata": {},
   "outputs": [],
   "source": [
    "X = df.iloc[:,1:].values\n",
    "y = df['Total'].values\n",
    "\n",
    "XTrain, XTest, yTrain, yTest = train_test_split(X, y, random_state=1, test_size=0.25)"
   ]
  },
  {
   "cell_type": "code",
   "execution_count": 8,
   "id": "35e31bcb",
   "metadata": {},
   "outputs": [
    {
     "name": "stdout",
     "output_type": "stream",
     "text": [
      "Accuracy on Train data=  1.0\n",
      "Accuracy on test data=  0.9986235375086029\n"
     ]
    }
   ],
   "source": [
    "# Instantiate the classifier\n",
    "gnb = GaussianNB()\n",
    "\n",
    "\n",
    "# Train classifier\n",
    "gnb.fit(XTrain,yTrain)\n",
    "\n",
    "y_pred = gnb.predict(XTest)\n",
    "y_pred_train = gnb.predict(XTrain)\n",
    "\n",
    "print('Accuracy on Train data= ', metrics.accuracy_score(y_true = yTrain, y_pred = y_pred_train))\n",
    "print('Accuracy on test data= ', metrics.accuracy_score(y_true = yTest, y_pred = y_pred))"
   ]
  },
  {
   "cell_type": "markdown",
   "id": "a5514ab1",
   "metadata": {},
   "source": [
    "#### after adding a column, we dont have a change, so we will drop columns and see if it gives us a better result:"
   ]
  },
  {
   "cell_type": "code",
   "execution_count": 9,
   "id": "84ac947d",
   "metadata": {},
   "outputs": [],
   "source": [
    "X = df.drop(['Gold', 'Silver', 'Bronze', 'Total','Sex_F'], axis=1)\n",
    "y = df['Total'].values\n",
    "\n",
    "XTrain, XTest, yTrain, yTest = train_test_split(X, y, random_state=1, test_size=0.25)"
   ]
  },
  {
   "cell_type": "code",
   "execution_count": 10,
   "id": "286adcb8",
   "metadata": {},
   "outputs": [
    {
     "name": "stdout",
     "output_type": "stream",
     "text": [
      "Accuracy on Train data=  0.8894241798577656\n",
      "Accuracy on test data=  0.8905712319339298\n"
     ]
    }
   ],
   "source": [
    "# Instantiate the classifier\n",
    "gnb = GaussianNB()\n",
    "\n",
    "\n",
    "# Train classifier\n",
    "gnb.fit(XTrain,yTrain)\n",
    "\n",
    "y_pred = gnb.predict(XTest)\n",
    "y_pred_train = gnb.predict(XTrain)\n",
    "\n",
    "print('Accuracy on Train data= ', metrics.accuracy_score(y_true = yTrain, y_pred = y_pred_train))\n",
    "print('Accuracy on test data= ', metrics.accuracy_score(y_true = yTest, y_pred = y_pred))"
   ]
  },
  {
   "cell_type": "markdown",
   "id": "239d13cf",
   "metadata": {},
   "source": [
    "## yes! we got a better result! "
   ]
  },
  {
   "cell_type": "markdown",
   "id": "9935c0c3",
   "metadata": {},
   "source": [
    "### The model's parameters\n",
    "\n",
    "In order for the model to work and calculate the probabilities, it needs to store each of the class probabilities $P(c)$. In addition, it calculates for each feature the mean and variance for each class. We can get those values from the model"
   ]
  }
 ],
 "metadata": {
  "kernelspec": {
   "display_name": "Python 3",
   "language": "python",
   "name": "python3"
  },
  "language_info": {
   "codemirror_mode": {
    "name": "ipython",
    "version": 3
   },
   "file_extension": ".py",
   "mimetype": "text/x-python",
   "name": "python",
   "nbconvert_exporter": "python",
   "pygments_lexer": "ipython3",
   "version": "3.8.8"
  }
 },
 "nbformat": 4,
 "nbformat_minor": 5
}
